12,5
16440.033203,121952.468750,2428.866699,44133.171875,48302.363281
79143.500000,79443.109375,9985.143555,71855.257812,65441.062500
18806.785156,54239.835938,71425.156250,62299.339844,105092.625000
27703.380859,34603.406250,33458.886719,6375.949219,42729.160156
29877.712891,42398.558594,8263.468750,115597.820312,106492.554688
62601.683594,36931.789062,91326.585938,37540.003906,85649.539062
113599.914062,53980.035156,84145.312500,116028.781250,98113.203125
8990.974609,71715.578125,54099.621094,18976.117188,20114.136719
119540.679688,37782.902344,74353.976562,67509.140625,100082.242188
55989.902344,95212.523438,11228.947266,89448.796875,101588.468750
53958.105469,119326.507812,20530.330078,62221.574219,111467.625000
3566.182373,1366.558228,24942.712891,94892.765625,38906.562500

5,12
110592.250000,85035.984375,92886.593750,71280.859375,77608.070312,67543.109375,80271.835938,25866.945312,121642.726562,99247.953125,45981.082031,117726.710938
13574.154297,120335.062500,61779.152344,113656.390625,52868.261719,33534.972656,1428.642700,18860.353516,11666.744141,55386.746094,14730.157227,32197.074219
117608.328125,2741.079834,35763.257812,118974.882812,27683.792969,7199.322754,34424.746094,14819.342773,92235.304688,3854.646240,86100.203125,46386.675781
71397.757812,42915.339844,72253.617188,69583.781250,18706.587891,118234.703125,63853.792969,32280.744141,115113.062500,2176.240723,22480.437500,44524.621094
35711.214844,23909.082031,63384.976562,47377.957031,79295.828125,78115.132812,79575.031250,73447.453125,80856.218750,115338.289062,68965.632812,108540.007812

13,3
123359.351562,91316.218750,107245.039062
86002.851562,14246.190430,55186.085938
5461.490723,86499.812500,1313.168091
24168.078125,81277.812500,65166.960938
56448.820312,72934.171875,67343.195312
78929.257812,117458.796875,103054.414062
102838.343750,57387.074219,26975.669922
58677.472656,12045.508789,106550.703125
8668.229492,92901.726562,98432.296875
77633.867188,77985.023438,97513.210938
57567.554688,77887.679688,65372.722656
41355.886719,40433.832031,79618.914062
96541.976562,45895.320312,42662.023438

3,13
97855.140625,70063.406250,483.134552,39565.402344,3055.524658,73417.304688,106908.601562,81984.781250,67419.406250,86506.312500,61366.429688,1349.778564,113481.976562
120043.906250,13395.288086,96575.992188,5255.429199,106297.015625,71551.578125,82889.296875,60825.339844,45608.085938,17000.154297,15256.320312,110980.812500,58356.042969
55690.152344,67143.023438,31441.316406,101585.476562,109805.054688,5839.757812,48192.179688,110288.179688,45405.160156,51247.703125,60248.792969,28857.058594,9775.788086

6,1
71142.210938
5561.275879
105388.656250
67729.414062
18956.562500
78507.945312

1,6
72984.851562,1796.873779,26602.822266,32417.445312,62622.214844,72210.906250

2,10
59735.019531,107773.640625,10111.988281,3421.347900,15758.253906,111697.460938,113226.398438,21598.011719,36432.945312,100057.882812
67003.171875,87680.648438,36849.976562,95860.226562,97456.437500,41061.472656,87766.898438,45141.953125,46622.750000,69698.851562

10,2
112871.375000,65579.312500
24750.099609,62399.511719
67376.187500,51352.921875
94816.960938,6541.701660
107.132835,20777.855469
84420.234375,59842.156250
5094.794434,94532.226562
63263.500000,20853.048828
82772.992188,53033.203125
42451.058594,119205.937500

10,12
83429.882812,66484.359375,81857.757812,57429.621094,107545.835938,46167.960938,102571.578125,30711.884766,115866.820312,91986.242188,96291.195312,17160.218750
30929.058594,40210.683594,68513.140625,2289.316650,46752.386719,68620.273438,23067.171875,7715.922852,5005.728516,28161.966797,102248.148438,68269.234375
49015.015625,61564.441406,121302.429688,91466.078125,57313.675781,27480.115234,77463.601562,17286.861328,93964.476562,35864.667969,74716.476562,78053.609375
82032.625000,53831.359375,108765.500000,74442.750000,22360.902344,81599.992188,91602.960938,53289.960938,121810.679688,36659.406250,55579.277344,45106.363281
105279.679688,78646.453125,52822.285156,110285.406250,106808.414062,31613.736328,55097.941406,32366.734375,93178.171875,52943.667969,376.107147,27035.150391
80423.789062,77839.718750,44322.011719,50931.562500,113704.382812,119038.492188,5528.472656,72280.304688,49413.152344,114293.960938,23266.351562,71774.046875
72437.257812,114869.320312,1607.315308,70791.234375,28072.021484,57186.593750,115897.601562,9895.001953,12376.343750,45263.187500,120180.414062,119184.757812
76876.921875,51821.652344,28094.792969,46598.394531,104765.320312,28470.898438,73633.546875,61732.410156,106310.609375,117955.554688,112663.968750,96558.289062
113537.343750,118192.445312,45381.898438,39493.800781,109029.710938,68648.242188,111267.851562,58010.269531,60060.863281,112875.171875,5344.808105,88132.882812
46605.062500,121242.414062,98027.882812,58981.406250,43048.894531,94751.593750,54709.464844,119925.812500,23116.550781,82804.257812,43067.507812,4425.172852

12,10
111275.164062,116701.054688,66157.585938,94129.070312,111199.906250,55364.851562,67230.664062,101280.554688,50100.597656,112612.554688
17317.656250,35673.609375,57804.105469,5128.810547,93683.875000,117864.968750,118003.984375,99028.687500,82541.148438,41152.343750
96814.398438,57112.335938,100133.750000,16406.589844,28407.234375,31386.517578,12875.704102,51523.785156,114190.773438,55943.210938
55948.957031,102009.234375,49187.562500,122106.539062,72681.609375,36930.773438,54014.695312,16455.568359,14754.627930,104115.296875
5611.426270,32072.283203,16332.200195,63415.535156,37201.093750,110016.085938,57823.800781,31748.376953,85588.070312,16908.251953
72900.718750,58945.765625,74020.593750,49577.769531,75352.359375,102427.820312,80964.289062,88228.062500,30494.908203,71698.359375
20714.570312,86443.859375,50250.894531,69902.132812,85093.703125,122932.500000,106832.914062,15651.695312,15931.370117,121587.539062
119766.984375,21542.796875,30203.119141,12642.487305,84958.328125,67404.218750,122658.562500,19325.429688,99152.593750,84789.937500
36233.683594,48596.605469,20279.003906,110254.273438,98174.375000,95631.359375,89225.398438,55681.960938,60402.718750,119720.304688
3923.623291,81117.289062,82707.468750,54174.519531,27562.724609,44344.472656,53650.324219,10938.932617,59996.171875,69581.695312
9069.768555,56306.457031,91124.492188,39272.886719,68948.945312,52626.121094,106677.101562,68150.812500,71951.554688,82372.992188
29484.050781,108185.234375,7512.898926,49763.054688,94982.812500,105687.273438,21937.710938,60751.511719,37912.535156,82340.429688

12,1
40001.015625
16265.887695
96010.679688
67563.742188
60610.363281
26204.304688
78502.671875
120606.531250
95786.000000
87572.445312
53456.289062
63453.785156

2,12
3388.629883,122405.234375,116079.906250,110065.734375,67099.351562,64574.765625,68982.023438,96583.398438,49303.300781,76494.929688,22889.751953,20829.410156
58725.496094,44827.464844,81580.921875,96638.039062,3711.191895,15139.338867,15017.491211,43712.207031,31405.226562,111028.171875,111275.945312,92015.585938

5,9
89165.421875,109561.773438,30437.667969,19165.017578,49558.859375,33826.296875,18113.554688,42182.070312,20435.328125
85212.898438,106756.835938,89417.351562,58339.605469,32603.433594,42455.578125,81229.359375,53432.847656,101181.070312
2600.122070,11557.068359,74362.406250,6311.313965,26696.408203,89379.898438,50023.523438,58101.632812,76951.375000
37842.773438,26660.525391,90727.140625,104164.703125,115825.953125,76832.210938,11145.665039,11534.267578,2934.376709
44971.960938,29647.822266,45116.449219,65407.292969,114860.726562,28416.582031,31367.943359,49743.628906,61020.019531

9,5
73823.523438,7516.289062,114452.867188,51547.890625,10116.411133
2553.232178,2453.598145,16427.724609,29249.638672,91833.492188
66451.250000,87351.273438,45328.167969,104294.015625,114011.796875
12598.608398,85002.015625,106381.046875,89430.828125,96147.679688
117915.320312,92365.203125,17662.947266,24106.439453,14024.949219
83070.242188,15510.465820,42441.531250,114438.187500,65254.093750
103461.546875,64805.000000,72770.382812,94457.718750,116352.898438
82886.796875,97010.945312,118806.500000,99314.515625,2803.884033
87183.289062,42309.066406,90155.164062,9054.752930,23146.390625

8,11
108148.414062,63634.609375,111084.179688,80839.398438,58093.226562,79992.687500,98502.343750,82199.671875,94017.632812,58115.882812,97710.132812
13002.466797,49097.367188,39507.527344,116464.015625,113902.367188,112277.914062,87465.031250,106798.562500,71708.007812,61019.273438,102148.359375
47565.828125,63823.156250,65874.945312,89874.898438,30521.615234,74929.695312,113021.289062,111231.867188,96583.062500,97713.000000,51409.781250
84210.546875,55095.695312,109503.015625,40746.535156,30141.341797,68245.976562,11307.466797,88257.226562,42499.406250,24309.933594,13897.889648
82006.929688,17317.248047,4343.558105,70828.148438,104782.273438,111142.117188,19079.457031,42344.847656,89833.773438,66645.289062,106168.007812
32252.019531,33063.488281,13232.922852,107181.718750,22628.080078,1008.095947,80308.078125,120341.078125,52417.878906,41061.921875,51980.078125
38464.187500,81808.453125,82121.421875,106710.164062,93115.921875,46921.949219,25752.869141,117425.851562,60819.839844,107759.804688,11286.405273
65163.398438,55131.250000,116068.679688,52848.816406,74210.710938,34956.832031,19225.892578,17399.298828,17668.140625,51477.914062,50462.785156

11,8
30901.064453,35202.929688,73090.867188,31909.158203,115511.007812,69975.250000,84327.039062,33116.230469
121955.328125,122791.226562,114924.687500,80620.046875,106044.687500,84583.914062,4085.301270,8340.857422
78553.062500,64905.144531,116100.664062,89839.468750,6611.835938,47775.214844,82451.453125,59460.652344
121985.921875,117408.281250,78686.546875,15928.520508,11619.725586,6707.759277,66391.304688,42520.789062
41910.691406,16025.473633,74429.953125,33965.000000,86000.718750,35300.285156,67081.234375,84499.351562
34634.808594,58549.222656,41662.707031,17222.796875,19676.427734,45748.007812,25563.656250,98229.492188
110653.148438,18207.617188,64612.261719,117264.984375,65982.828125,23607.013672,53268.937500,64512.054688
17558.599609,8498.782227,80440.578125,29178.324219,15206.541016,23375.179688,71699.109375,57117.230469
39400.652344,22672.359375,91082.234375,1944.677124,57972.644531,34706.765625,86444.031250,92607.453125
93255.984375,4650.037109,109830.257812,112932.414062,50398.046875,11937.208984,87705.203125,37594.492188
30144.824219,28860.767578,31402.775391,96127.648438,52467.781250,84671.710938,37183.007812,70026.375000

9,3
99204.703125,108377.039062,17542.058594
47447.117188,42037.566406,56942.710938
70119.476562,9663.097656,58887.386719
4635.422363,44369.863281,21874.718750
97242.875000,14169.146484,26524.757812
83616.429688,3644.860107,76922.796875
95553.640625,91350.062500,114517.289062
2241.764160,120210.835938,22463.369141
98369.414062,49221.914062,107135.078125

3,9
12095.725586,119248.289062,76848.875000,6262.604492,94996.296875,61769.203125,23804.662109,18986.714844,103806.773438
80747.375000,89106.195312,113469.867188,16178.064453,93741.617188,34383.031250,38052.785156,67527.789062,48552.179688
64577.539062,27687.523438,52197.039062,18043.642578,123241.156250,20090.406250,9104.235352,2026.227173,16844.539062

2,7
66066.453125,15245.984375,112491.375000,61858.046875,92094.859375,118753.976562,33397.648438
30407.363281,19101.939453,52384.359375,10757.434570,99849.312500,18033.853516,770.605530

7,2
116027.375000,111775.468750
35153.636719,30623.464844
55846.562500,83705.820312
95201.007812,83534.085938
12446.158203,113244.648438
83318.546875,32536.562500
122348.882812,85344.773438
